structure(list(x = structure(c(9914.375, 3468.375, 537.375, 200.375, 
25.375, 35.375, 0, 0, 2.375, 2.375, 4.375, 0, 0, 0, 7.375, 1.375, 
23.375, 179.375, 15.375, 1296.375, 18226.375, 11.375, 30525.375, 
2.375, 3411.375, 4.375, 27535.375, 220.375, 153.375, 1314.375, 
914.375, 16143.375, 343.375, 4438.375, 13486.375, 1677.375, 533.375, 
1526.375, 790.375, 301.375, 328.375, 329.375, 2126.375, 26105.375, 
129.375, 601.375, 247.375, 2.375, 556.375, 207.375, 799.375, 
2763.375, 50.375, 13820.375, 989.375, 2805.375, 616.375, 225.375, 
473.375, 9.375, 1420.375, 1319.375, 948.375, 54.375, 149.375, 
9.375, 1528.375, 253.375, 8805.125, 3415.125, 519.125, 212.125, 
25.125, 25.125, 0, 0, 1.125, 0, 5.125, 0, 0, 0.125, 0, 3.125, 
29.125, 168.125, 16.125, 1346.125, 18833.125, 45.125, 31899.125, 
6.125, 3725.125, 6.125, 29165.125, 271.125, 164.125, 1298.125, 
1287.125, 14935.125, 365.125, 3912.125, 16902.125, 1536.125, 
528.125, 1493.125, 1160.125, 312.125, 341.125, 530.125, 2596.125, 
25287.125, 161.125, 863.125, 402.125, 10.125, 766.125, 250.125, 
894.125, 2235.125, 66.125, 14204.125, 868.125, 2806.125, 592.125, 
218.125, 399.125, 5.125, 1227.125, 1252.125, 1039.125, 62.125, 
199.125, 12.125, 2349.125, 196.125, 9750.375, 3718.375, 587.375, 
235.375, 21.375, 26.375, 0, 0.375, 0, 3.375, 6.375, 0, 0, 0, 
0, 2.375, 21.375, 132.375, 8.375, 708.375, 18012.375, 21.375, 
16702.375, 0, 2924.375, 0, 29908.375, 172.375, 134.375, 900.375, 
721.375, 9801.375, 368.375, 3632.375, 9820.375, 1747.375, 538.375, 
1172.375, 820.375, 224.375, 383.375, 492.375, 2526.375, 9300.375, 
122.375, 453.375, 54.375, 4.375, 760.375, 163.375, 784.375, 2071.375, 
33.375, 15604.375, 1219.375, 3709.375, 511.375, 164.375, 739.375, 
5.375, 726.375, 960.375, 600.375, 55.375, 161.375, 12.375, 990.375, 
169.375, 9020.5, 3186.5, 522.5, 199.5, 25.5, 25.5, 0, 0.5, 0.5, 
0, 6.5, 0, 0.5, 0, 2.5, 211.5, 44.5, 189.5, 43.5, 1659.5, 21990.5, 
6982.5, 71533.5, 8.5, 4205.5, 5.5, 35072.5, 375.5, 208.5, 1871.5, 
1371.5, 17412.5, 405.5, 5323.5, 17565.5, 2091.5, 696.5, 1700.5, 
1276.5, 365.5, 416.5, 708.5, 3535.5, 26499.5, 184.5, 1429.5, 
416.5, 0.5, 795.5, 266.5, 888.5, 2802.5, 101.5, 15369.5, 1024.5, 
3301.5, 795.5, 264.5, 550.5, 9.5, 1168.5, 1679.5, 1047.5, 97.5, 
1471.5, 9.5, 2818.5, 241.5, 10225.25, 3614.25, 578.25, 205.25, 
34.25, 23.25, 2.25, 0, 0, 3.25, 3.25, 0, 0, 0, 1.25, 47.25, 37.25, 
248.25, 22.25, 1329.25, 21457.25, 5465.25, 53391.25, 0, 3670.25, 
5.25, 35482.25, 408.25, 209.25, 1771.25, 1447.25, 15944.25, 488.25, 
3634.25, 15447.25, 2241.25, 807.25, 1233.25, 1071.25, 313.25, 
436.25, 624.25, 3772.25, 19240.25, 171.25, 1298.25, 104.25, 5.25, 
792.25, 317.25, 914.25, 2650.25, 76.25, 16956.25, 1333.25, 3859.25, 
646.25, 270.25, 1068.25, 3.25, 858.25, 1557.25, 793.25, 86.25, 
1043.25, 15.25, 1770.25, 229.25, 12086, 3899, 648, 266, 34, 28, 
0, 0, 0, 2, 7, 0, 0, 0, 1, 71, 40, 220, 33, 2195, 20150, 6576, 
64688, 5, 4532, 6, 37197, 416, 233, 1999, 1482, 19319, 417, 4725, 
17841, 2163, 704, 1877, 1030, 415, 427, 563, 3915, 33743, 255, 
1370, 408, 2, 1023, 342, 1053, 3142, 77, 16224, 1376, 3238, 861, 
362, 882, 11, 1331, 1865, 1025, 78, 1289, 19, 2315, 216, 18972.125, 
5057.125, 998.125, 335.125, 39.125, 114.125, 2.125, 2.125, 0, 
0, 6.125, 0, 0, 0, 34.125, 5782.125, 118.125, 1155.125, 51.125, 
2960.125, 30416.125, 109163.125, 315642.125, 67.125, 6081.125, 
10.125, 46211.125, 1004.125, 598.125, 2879.125, 1691.125, 25749.125, 
642.125, 6111.125, 16086.125, 2678.125, 905.125, 2673.125, 817.125, 
742.125, 584.125, 430.125, 7168.125, 40151.125, 564.125, 3341.125, 
4177.125, 8.125, 554.125, 730.125, 1236.125, 3389.125, 203.125, 
19612.125, 1967.125, 4956.125, 1613.125, 392.125, 1441.125, 24.125, 
1154.125, 2339.125, 1220.125, 329.125, 972.125, 63.125, 3651.125, 
721.125, 23649.375, 5942.375, 1083.375, 351.375, 56.375, 134.375, 
0.375, 0, 0, 0, 19.375, 0, 0, 0.375, 40.375, 11330.375, 113.375, 
1178.375, 47.375, 2610.375, 26432.375, 106373.375, 262343.375, 
56.375, 5607.375, 24.375, 41017.375, 1000.375, 556.375, 2467.375, 
1355.375, 23532.375, 550.375, 5310.375, 15272.375, 2430.375, 
846.375, 2620.375, 822.375, 585.375, 504.375, 324.375, 6374.375, 
44844.375, 502.375, 4395.375, 6671.375, 5.375, 411.375, 531.375, 
1209.375, 2949.375, 211.375, 17012.375, 2013.375, 4472.375, 1547.375, 
372.375, 1292.375, 18.375, 1307.375, 2318.375, 981.375, 399.375, 
1452.375, 44.375, 3641.375, 508.375, 10061.75, 3396.75, 522.75, 
238.75, 19.75, 55.75, 0.75, 0, 0, 0, 0.75, 0.75, 0.75, 0, 11.75, 
2261.75, 45.75, 434.75, 26.75, 1022.75, 15457.75, 34863.75, 104758.75, 
23.75, 2779.75, 7.75, 27897.75, 1106.75, 261.75, 1198.75, 709.75, 
14509.75, 424.75, 3650.75, 11141.75, 1364.75, 535.75, 1775.75, 
1116.75, 203.75, 399.75, 155.75, 3611.75, 12748.75, 209.75, 2868.75, 
1890.75, 8.75, 719.75, 376.75, 826.75, 2261.75, 177.75, 14580.75, 
1054.75, 3023.75, 695.75, 191.75, 801.75, 8.75, 493.75, 1145.75, 
585.75, 255.75, 1119.75, 19.75, 1304.75, 316.75, 12170.375, 3306.375, 
641.375, 249.375, 32.375, 66.375, 0, 0, 0, 4.375, 3.375, 2.375, 
0, 0, 14.375, 985.375, 60.375, 461.375, 31.375, 1020.375, 16834.375, 
26588.375, 81384.375, 24.375, 2956.375, 1.375, 29166.375, 911.375, 
201.375, 935.375, 913.375, 13100.375, 404.375, 2989.375, 10947.375, 
1810.375, 668.375, 1477.375, 842.375, 275.375, 373.375, 585.375, 
3349.375, 9689.375, 184.375, 3055.375, 1277.375, 10.375, 725.375, 
359.375, 778.375, 2036.375, 162.375, 13745.375, 1261.375, 3165.375, 
628.375, 189.375, 1260.375, 1.375, 528.375, 1135.375, 497.375, 
252.375, 2194.375, 26.375, 1410.375, 268.375, 13722.75, 3747.75, 
701.75, 298.75, 19.75, 70.75, 0.75, 0, 0, 1.75, 2.75, 2.75, 0, 
2.75, 22.75, 2285.75, 46.75, 650.75, 68.75, 1786.75, 18687.75, 
46331.75, 142095.75, 50.75, 3879.75, 7.75, 36693.75, 1474.75, 
335.75, 1438.75, 794.75, 23000.75, 482.75, 4872.75, 13950.75, 
1938.75, 845.75, 2573.75, 1129.75, 355.75, 491.75, 155.75, 3879.75, 
24705.75, 324.75, 3857.75, 1786.75, 7.75, 777.75, 416.75, 1033.75, 
3420.75, 244.75, 16879.75, 1452.75, 3119.75, 1099.75, 291.75, 
1547.75, 7.75, 1089.75, 1974.75, 1009.75, 196.75, 1572.75, 36.75, 
2212.75, 434.75, 14049.875, 4067.875, 757.875, 290.875, 35.875, 
39.875, 0, 0, 0, 0, 7.875, 0, 0, 2.875, 2.875, 2990.875, 38.875, 
540.875, 43.875, 1029.875, 16548.875, 30914.875, 92987.875, 18.875, 
2763.875, 0, 27746.875, 934.875, 241.875, 720.875, 959.875, 15724.875, 
398.875, 3552.875, 11235.875, 1997.875, 737.875, 2014.875, 793.875, 
200.875, 385.875, 198.875, 3203.875, 15693.875, 225.875, 3840.875, 
1241.875, 5.875, 710.875, 280.875, 745.875, 2859.875, 158.875, 
14740.875, 1349.875, 2971.875, 732.875, 142.875, 1193.875, 10.875, 
628.875, 1275.875, 780.875, 227.875, 1990.875, 25.875, 1780.875, 
251.875, 18221, 4997, 900, 297, 53, 50, 3, 0, 0, 0, 5, 0, 0, 
0, 16, 87, 64, 311, 64, 2213, 30598, 640, 64115, 72, 7236, 14, 
57850, 434, 295, 3428, 1306, 25486, 806, 5208, 20131, 3649, 1316, 
2388, 1216, 773, 718, 1595, 4358, 62943, 355, 1976, 930, 12, 
803, 340, 1268, 5052, 146, 28043, 2484, 5957, 1300, 308, 2430, 
21, 1526, 2454, 1408, 195, 311, 44, 2396, 528, 5503.375, 1549.375, 
316.375, 114.375, 15.375, 15.375, 0, 0, 0.375, 0.375, 0.375, 
1.375, 0, 1.375, 0, 91.375, 14.375, 125.375, 22.375, 947.375, 
9994.375, 421.375, 24994.375, 27.375, 2461.375, 9.375, 20861.375, 
190.375, 123.375, 1365.375, 461.375, 8196.375, 237.375, 1985.375, 
7419.375, 1296.375, 458.375, 783.375, 425.375, 318.375, 227.375, 
453.375, 1543.375, 30953.375, 120.375, 523.375, 469.375, 1.375, 
338.375, 124.375, 434.375, 1513.375, 51.375, 8486.375, 795.375, 
1691.375, 538.375, 134.375, 783.375, 4.375, 704.375, 933.375, 
580.375, 61.375, 107.375, 18.375, 1181.375, 155.375, 14946.875, 
4348.875, 749.875, 258.875, 54.875, 55.875, 0, 0, 1.875, 0, 4.875, 
0, 0, 2.875, 3.875, 90.875, 35.875, 304.875, 34.875, 1676.875, 
15318.875, 447.875, 37715.875, 21.875, 4731.875, 21.875, 33842.875, 
235.875, 208.875, 1819.875, 883.875, 14746.875, 356.875, 2894.875, 
