structure(list(x = structure(c(9910, 3464, 533, 196, 21, 31, 
0, 0, 0, 0, 0, 0, 0, 0, 3, 0, 19, 175, 11, 1292, 18222, 7, 30521, 
0, 3407, 0, 27531, 216, 149, 1310, 910, 16139, 339, 4434, 13482, 
1673, 529, 1522, 786, 297, 324, 325, 2122, 26101, 125, 597, 243, 
0, 552, 203, 795, 2759, 46, 13816, 985, 2801, 612, 221, 469, 
5, 1416, 1315, 944, 50, 145, 5, 1524, 249, 8800, 3410, 514, 207, 
20, 20, 0, 0, 0, 0, 0, 0, 0, 0, 0, 0, 24, 163, 11, 1341, 18828, 
40, 31894, 1, 3720, 1, 29160, 266, 159, 1293, 1282, 14930, 360, 
3907, 16897, 1531, 523, 1488, 1155, 307, 336, 525, 2591, 25282, 
156, 858, 397, 5, 761, 245, 889, 2230, 61, 14199, 863, 2801, 
587, 213, 394, 0, 1222, 1247, 1034, 57, 194, 7, 2344, 191, 9744, 
3712, 581, 229, 15, 20, 0, 0, 0, 0, 0, 0, 0, 0, 0, 0, 15, 126, 
2, 702, 18006, 15, 16696, 0, 2918, 0, 29902, 166, 128, 894, 715, 
9795, 362, 3626, 9814, 1741, 532, 1166, 814, 218, 377, 486, 2520, 
9294, 116, 447, 48, 0, 754, 157, 778, 2065, 27, 15598, 1213, 
3703, 505, 158, 733, 0, 720, 954, 594, 49, 155, 6, 984, 163, 
9014, 3180, 516, 193, 19, 19, 0, 0, 0, 0, 0, 0, 0, 0, 0, 205, 
38, 183, 37, 1653, 21984, 6976, 71527, 2, 4199, 0, 35066, 369, 
202, 1865, 1365, 17406, 399, 5317, 17559, 2085, 690, 1694, 1270, 
359, 410, 702, 3529, 26493, 178, 1423, 410, 0, 789, 260, 882, 
2796, 95, 15363, 1018, 3295, 789, 258, 544, 3, 1162, 1673, 1041, 
91, 1465, 3, 2812, 235, 10222, 3611, 575, 202, 31, 20, 0, 0, 
0, 0, 0, 0, 0, 0, 0, 44, 34, 245, 19, 1326, 21454, 5462, 53388, 
0, 3667, 2, 35479, 405, 206, 1768, 1444, 15941, 485, 3631, 15444, 
2238, 804, 1230, 1068, 310, 433, 621, 3769, 19237, 168, 1295, 
101, 2, 789, 314, 911, 2647, 73, 16953, 1330, 3856, 643, 267, 
1065, 0, 855, 1554, 790, 83, 1040, 12, 1767, 226, 12079, 3892, 
641, 259, 27, 21, 0, 0, 0, 0, 0, 0, 0, 0, 0, 64, 33, 213, 26, 
2188, 20143, 6569, 64681, 0, 4525, 0, 37190, 409, 226, 1992, 
1475, 19312, 410, 4718, 17834, 2156, 697, 1870, 1023, 408, 420, 
556, 3908, 33736, 248, 1363, 401, 0, 1016, 335, 1046, 3135, 70, 
16217, 1369, 3231, 854, 355, 875, 4, 1324, 1858, 1018, 71, 1282, 
12, 2308, 209, 18966, 5051, 992, 329, 33, 108, 0, 0, 0, 0, 0, 
0, 0, 0, 28, 5776, 112, 1149, 45, 2954, 30410, 109157, 315636, 
61, 6075, 4, 46205, 998, 592, 2873, 1685, 25743, 636, 6105, 16080, 
2672, 899, 2667, 811, 736, 578, 424, 7162, 40145, 558, 3335, 
4171, 2, 548, 724, 1230, 3383, 197, 19606, 1961, 4950, 1607, 
386, 1435, 18, 1148, 2333, 1214, 323, 966, 57, 3645, 715, 23630, 
5923, 1064, 332, 37, 115, 0, 0, 0, 0, 0, 0, 0, 0, 21, 11311, 
94, 1159, 28, 2591, 26413, 106354, 262324, 37, 5588, 5, 40998, 
981, 537, 2448, 1336, 23513, 531, 5291, 15253, 2411, 827, 2601, 
803, 566, 485, 305, 6355, 44825, 483, 4376, 6652, 0, 392, 512, 
1190, 2930, 192, 16993, 1994, 4453, 1528, 353, 1273, 0, 1288, 
2299, 962, 380, 1433, 25, 3622, 489, 10061, 3396, 522, 238, 19, 
55, 0, 0, 0, 0, 0, 0, 0, 0, 11, 2261, 45, 434, 26, 1022, 15457, 
34863, 104758, 23, 2779, 7, 27897, 1106, 261, 1198, 709, 14509, 
424, 3650, 11141, 1364, 535, 1775, 1116, 203, 399, 155, 3611, 
12748, 209, 2868, 1890, 8, 719, 376, 826, 2261, 177, 14580, 1054, 
3023, 695, 191, 801, 8, 493, 1145, 585, 255, 1119, 19, 1304, 
316, 12166, 3302, 637, 245, 28, 62, 0, 0, 0, 0, 0, 0, 0, 0, 10, 
981, 56, 457, 27, 1016, 16830, 26584, 81380, 20, 2952, 0, 29162, 
907, 197, 931, 909, 13096, 400, 2985, 10943, 1806, 664, 1473, 
838, 271, 369, 581, 3345, 9685, 180, 3051, 1273, 6, 721, 355, 
774, 2032, 158, 13741, 1257, 3161, 624, 185, 1256, 0, 524, 1131, 
493, 248, 2190, 22, 1406, 264, 13720, 3745, 699, 296, 17, 68, 
0, 0, 0, 0, 0, 0, 0, 0, 20, 2283, 44, 648, 66, 1784, 18685, 46329, 
142093, 48, 3877, 5, 36691, 1472, 333, 1436, 792, 22998, 480, 
4870, 13948, 1936, 843, 2571, 1127, 353, 489, 153, 3877, 24703, 
322, 3855, 1784, 5, 775, 414, 1031, 3418, 242, 16877, 1450, 3117, 
1097, 289, 1545, 5, 1087, 1972, 1007, 194, 1570, 34, 2210, 432, 
14042, 4060, 750, 283, 28, 32, 0, 0, 0, 0, 0, 0, 0, 0, 0, 2983, 
31, 533, 36, 1022, 16541, 30907, 92980, 11, 2756, 0, 27739, 927, 
234, 713, 952, 15717, 391, 3545, 11228, 1990, 730, 2007, 786, 
193, 378, 191, 3196, 15686, 218, 3833, 1234, 0, 703, 273, 738, 
2852, 151, 14733, 1342, 2964, 725, 135, 1186, 3, 621, 1268, 773, 
220, 1983, 18, 1773, 244, 18216, 4992, 895, 292, 48, 45, 0, 0, 
0, 0, 0, 0, 0, 0, 11, 82, 59, 306, 59, 2208, 30593, 635, 64110, 
67, 7231, 9, 57845, 429, 290, 3423, 1301, 25481, 801, 5203, 20126, 
3644, 1311, 2383, 1211, 768, 713, 1590, 4353, 62938, 350, 1971, 
925, 7, 798, 335, 1263, 5047, 141, 28038, 2479, 5952, 1295, 303, 
2425, 16, 1521, 2449, 1403, 190, 306, 39, 2391, 523, 5502, 1548, 
315, 113, 14, 14, 0, 0, 0, 0, 0, 0, 0, 0, 0, 90, 13, 124, 21, 
946, 9993, 420, 24993, 26, 2460, 8, 20860, 189, 122, 1364, 460, 
8195, 236, 1984, 7418, 1295, 457, 782, 424, 317, 226, 452, 1542, 
30952, 119, 522, 468, 0, 337, 123, 433, 1512, 50, 8485, 794, 
1690, 537, 133, 782, 3, 703, 932, 579, 60, 106, 17, 1180, 154, 
14942, 4344, 745, 254, 50, 51, 0, 0, 0, 0, 0, 0, 0, 0, 0, 86, 
31, 300, 30, 1672, 15314, 443, 37711, 17, 4727, 17, 33838, 231, 
204, 1815, 879, 14742, 352, 2890, 11969, 1932, 615, 1241, 682, 
487, 307, 319, 2798, 37417, 207, 1170, 1298, 0, 666, 194, 612, 
2317, 47, 12079, 1433, 3038, 808, 174, 1054, 4, 1682, 1502, 827, 
88, 161, 20, 2469, 325, 11116, 3566, 539, 215, 29, 30, 0, 0, 
0, 0, 0, 0, 0, 0, 0, 147, 75, 392, 131, 4256, 36620, 828, 83667, 
134, 11590, 31, 80812, 966, 473, 4513, 3250, 41409, 677, 11216, 
40375, 4559, 1459, 3467, 2116, 1322, 763, 1819, 7147, 204510, 
432, 2562, 977, 0, 1586, 665, 2151, 5750, 121, 30896, 2940, 6633, 
2080, 762, 1806, 21, 2646, 4108, 2251, 260, 627, 43, 4046, 664, 
14250, 4134, 654, 275, 36, 79, 0, 0, 0, 0, 0, 0, 0, 0, 0, 163, 
64, 381, 64, 2411, 34193, 33415, 278115, 489, 8558, 17, 46559, 
709, 306, 3511, 2054, 29125, 337, 6462, 23030, 2596, 898, 1747, 
970, 764, 417, 894, 4423, 96642, 285, 2191, 1704, 0, 676, 424, 
1326, 3816, 50, 16221, 1591, 4149, 1348, 457, 1128, 5, 1553, 
2671, 1121, 152, 310, 23, 3009, 378, 21380, 5668, 1044, 342, 
50, 54, 0, 0, 0, 0, 0, 0, 0, 0, 0, 557, 53, 391, 70, 3580, 23483, 
1127, 57508, 128, 9635, 0, 58302, 533, 299, 3609, 2078, 29132, 
429, 7030, 26225, 3092, 974, 1507, 1668, 921, 519, 682, 4312, 
133048, 391, 1480, 653, 0, 831, 412, 1364, 3434, 66, 19871, 2032, 
4623, 1571, 465, 1580, 15, 2021, 2982, 1597, 145, 356, 55, 2978, 
419, 9112, 2771, 428, 165, 16, 90, 0, 0, 0, 0, 0, 0, 0, 0, 29, 
8232, 121, 1148, 18, 2193, 34667, 141027, 548695, 116, 7225, 
13, 46601, 1036, 668, 3574, 804, 24338, 347, 5479, 16223, 2621, 
920, 4666, 1060, 494, 437, 47, 5306, 29070, 691, 2860, 4177, 
4, 399, 524, 1532, 2309, 368, 16440, 1872, 4232, 1627, 228, 1292, 
3, 1665, 2043, 857, 244, 752, 65, 2256, 524, 10218, 2827, 558, 
198, 22, 57, 0, 0, 0, 0, 0, 0, 0, 0, 21, 5038, 97, 1222, 23, 
1806, 28582, 106328, 380848, 139, 6867, 0, 39079, 952, 562, 3324, 
661, 26875, 305, 4453, 13209, 2558, 850, 3075, 930, 523, 395, 
70, 4833, 17721, 491, 2495, 4736, 0, 411, 476, 1505, 2448, 324, 
15472, 1923, 3639, 1278, 206, 1603, 8, 1272, 1998, 565, 222, 
1313, 52, 1140, 431, 11039, 3239, 606, 197, 12, 54, 0, 0, 0, 
0, 0, 0, 0, 0, 9, 9257, 95, 855, 28, 1962, 24750, 91845, 383075, 
93, 5515, 5, 31855, 879, 521, 2851, 1045, 18829, 213, 4483, 11561, 
2117, 668, 2601, 636, 424, 332, 100, 5795, 27911, 482, 2618, 
4071, 0, 320, 451, 1020, 1877, 218, 12606, 1251, 3286, 1255, 
161, 920, 1, 1173, 1474, 686, 153, 2048, 26, 2152, 370, 12229, 
3380, 638, 170, 22, 72, 0, 0, 0, 0, 0, 0, 0, 0, 15, 9114, 98, 
934, 24, 2403, 32793, 113046, 446899, 91, 8028, 4, 44427, 868, 
506, 3200, 1435, 24977, 271, 6344, 12847, 3202, 1076, 3175, 864, 
522, 433, 416, 7817, 31847, 569, 3615, 4306, 5, 444, 552, 1666, 
2903, 280, 17200, 1980, 4240, 1511, 190, 1600, 5, 1541, 2159, 
815, 182, 1932, 25, 3110, 445, 15870, 4280, 848, 251, 45, 77, 
0, 0, 0, 0, 0, 0, 0, 0, 10, 4224, 56, 1082, 32, 2050, 22322, 
91522, 246204, 62, 5650, 9, 33137, 685, 447, 1421, 1357, 19761, 
432, 3967, 10352, 1629, 722, 2372, 502, 458, 344, 208, 5714, 
