structure(list(HW1D.a = c(9917, 3471, 540, 203, 28, 38, 2, 1, 
5, 5, 7, 1, 0, 0, 30, 7, 164, 370, 147, 1945, 24712, 73, 104761, 
11, 5128, 21, 48027, 433, 315, 2097, 1434, 22333, 890, 10363, 
15452, 3463, 1106, 2580, 1266, 677, 706, 796, 3672, 33847, 258, 
1184, 513, 16, 1136, 384, 1335, 3919, 199, 18575, 1763, 4536, 
1190, 471, 931, 32, 2458, 2394, 1652, 220, 315, 54, 3194, 573
), HW2B.b = c(8808, 3418, 522, 215, 28, 28, 1, 2, 4, 2, 8, 2, 
1, 3, 7, 11, 147, 315, 73, 2458, 24712, 164, 104761, 21, 5128, 
30, 48027, 513, 315, 2394, 2097, 18575, 706, 10363, 22333, 3194, 
931, 2580, 1652, 573, 677, 1106, 3919, 33847, 258, 1190, 890, 
32, 1184, 471, 1335, 3463, 220, 15452, 1266, 4536, 1136, 433, 
796, 16, 1763, 1945, 1434, 199, 384, 54, 3672, 370), HW3B.a = c(9754, 
3722, 591, 239, 25, 30, 3, 4, 3, 7, 10, 2, 0, 0, 7, 21, 147, 
315, 54, 1190, 48027, 164, 33847, 16, 4536, 11, 104761, 573, 
370, 2097, 1266, 18575, 706, 5128, 22333, 3463, 1136, 2580, 1945, 
677, 796, 931, 3919, 15452, 315, 890, 220, 30, 1652, 433, 1763, 
3672, 199, 24712, 3194, 10363, 1106, 471, 1434, 32, 1335, 2394, 
1184, 258, 384, 73, 2458, 513), HW4C.b = c(9025, 3191, 527, 204, 
30, 30, 3, 5, 5, 2, 11, 2, 5, 3, 11, 315, 73, 220, 54, 1945, 
24712, 10363, 104761, 21, 4536, 16, 48027, 471, 258, 2458, 1434, 
18575, 513, 5128, 22333, 2580, 796, 2394, 1335, 433, 573, 890, 
3919, 33847, 199, 1652, 677, 7, 931, 384, 1136, 3194, 164, 15452, 
1184, 3672, 1106, 370, 706, 30, 1266, 2097, 1190, 147, 1763, 
32, 3463, 315), HW5D.b = c(10230, 3619, 583, 210, 39, 28, 7, 
1, 3, 8, 8, 4, 4, 3, 11, 147, 73, 370, 54, 1763, 33847, 10363, 
104761, 7, 3919, 21, 48027, 513, 315, 2580, 2097, 18575, 677, 
3672, 15452, 3194, 1106, 1434, 1335, 433, 573, 706, 4536, 24712, 
258, 1652, 220, 30, 890, 471, 1184, 3463, 164, 22333, 1945, 5128, 
796, 384, 1266, 16, 1136, 2394, 931, 199, 1190, 32, 2458, 315
), HW6A.b = c(12090, 3903, 652, 270, 38, 32, 3, 2, 4, 6, 11, 
2, 2, 2, 7, 147, 73, 258, 54, 2580, 24712, 10363, 104761, 16, 
4536, 21, 48027, 513, 315, 2394, 1763, 22333, 573, 5128, 18575, 
2458, 796, 2097, 1184, 471, 677, 706, 3919, 33847, 315, 1434, 
433, 11, 1106, 370, 1190, 3463, 164, 15452, 1652, 3672, 890, 
384, 931, 30, 1335, 1945, 1136, 199, 1266, 32, 3194, 220), WW41B.a = c(18979, 
5064, 1005, 342, 46, 121, 9, 9, 5, 6, 13, 6, 4, 3, 21, 3672, 
73, 931, 30, 2097, 22333, 48027, 104761, 54, 3919, 11, 33847, 
796, 370, 1945, 1266, 18575, 384, 4536, 10363, 1763, 677, 1652, 
573, 513, 315, 220, 5128, 24712, 315, 2394, 3194, 7, 258, 471, 
1136, 2458, 147, 15452, 1335, 3463, 1190, 199, 1184, 16, 890, 
1434, 1106, 164, 706, 32, 2580, 433), WW42.a = c(23660, 5953, 
1094, 362, 67, 145, 11, 7, 5, 8, 30, 10, 3, 11, 21, 5128, 73, 
890, 32, 1945, 22333, 48027, 104761, 54, 3672, 16, 24712, 796, 
471, 1763, 1184, 18575, 433, 3463, 10363, 1652, 677, 2097, 573, 
513, 315, 164, 3919, 33847, 315, 2580, 4536, 7, 258, 384, 931, 
2394, 147, 15452, 1335, 3194, 1266, 199, 1106, 11, 1136, 1434, 
706, 220, 1190, 30, 2458, 370), WW45A.b = c(10064, 3399, 525, 
241, 22, 58, 3, 1, 2, 2, 3, 3, 3, 1, 21, 2580, 73, 513, 54, 1184, 
24712, 48027, 104761, 32, 3463, 7, 33847, 1266, 315, 1763, 890, 
18575, 471, 5128, 10363, 2097, 677, 2394, 1335, 220, 433, 147, 
4536, 15452, 258, 3672, 2458, 11, 931, 384, 1136, 3194, 164, 
22333, 1190, 3919, 796, 199, 1106, 16, 573, 1652, 706, 315, 1434, 
30, 1945, 370), WW46D.a = c(12176, 3312, 647, 255, 38, 72, 5, 
2, 4, 10, 9, 8, 2, 5, 21, 1266, 73, 471, 54, 1335, 24712, 33847, 
104761, 30, 3463, 7, 48027, 1136, 220, 1190, 1184, 18575, 433, 
3672, 15452, 2458, 796, 2394, 1106, 315, 384, 677, 5128, 10363, 
164, 3919, 1945, 16, 890, 370, 931, 2580, 147, 22333, 1763, 4536, 
706, 199, 1652, 11, 573, 1434, 513, 258, 3194, 32, 2097, 315), 
    WW47A.b = c(13729, 3754, 708, 305, 26, 77, 7, 2, 3, 8, 9, 
    9, 3, 9, 21, 2458, 32, 513, 73, 1652, 18575, 48027, 104761, 
    54, 3919, 7, 33847, 1266, 315, 1184, 677, 22333, 433, 5128, 
    10363, 1945, 706, 2580, 1136, 315, 471, 147, 4536, 24712, 
    258, 3672, 1763, 11, 573, 370, 890, 3463, 199, 15452, 1190, 
    3194, 1106, 220, 1335, 16, 931, 2097, 796, 164, 1434, 30, 
    2394, 384), WW48B.a = c(14055, 4073, 763, 296, 41, 45, 4, 
    0, 5, 4, 13, 5, 2, 8, 11, 3672, 54, 513, 73, 1266, 24712, 
    48027, 104761, 30, 2580, 7, 33847, 1184, 315, 706, 1190, 
    22333, 471, 4536, 10363, 2394, 890, 2458, 1136, 220, 433, 
    199, 3919, 18575, 258, 5128, 1434, 16, 677, 384, 931, 3194, 
    164, 15452, 1763, 3463, 796, 147, 1335, 21, 573, 1652, 1106, 
    315, 2097, 32, 1945, 370), LE100C.a = c(18225, 5001, 904, 
    301, 57, 54, 7, 3, 4, 3, 9, 4, 0, 2, 16, 147, 32, 315, 54, 
    1763, 24712, 513, 104761, 73, 10363, 11, 33847, 433, 220, 
    3194, 1184, 18575, 796, 4536, 15452, 3463, 1190, 1945, 931, 
    677, 573, 1434, 3672, 48027, 384, 1652, 890, 7, 706, 370, 
    1106, 3919, 164, 22333, 2580, 5128, 1136, 258, 2394, 21, 
    1335, 2458, 1266, 199, 315, 30, 2097, 471), LE101A.a = c(5505, 
    1551, 318, 116, 17, 17, 0, 0, 2, 2, 2, 3, 1, 3, 7, 199, 30, 
    370, 54, 2458, 24712, 796, 48027, 73, 10363, 21, 33847, 471, 
    315, 3463, 1184, 18575, 573, 5128, 15452, 3194, 1136, 1763, 
    890, 677, 513, 1106, 3919, 104761, 258, 1266, 1190, 11, 706, 
    315, 931, 3672, 147, 22333, 2097, 4536, 1335, 384, 1945, 
    16, 1652, 2394, 1434, 164, 220, 32, 2580, 433), LE102.a = c(14951, 
    4353, 754, 263, 59, 60, 4, 2, 6, 3, 9, 2, 0, 7, 11, 164, 
    73, 433, 54, 2394, 24712, 706, 104761, 21, 10363, 30, 33847, 
    384, 315, 2580, 1266, 22333, 677, 4536, 15452, 3194, 931, 
    1652, 1136, 796, 471, 513, 3919, 48027, 370, 1434, 1763, 
    7, 1106, 315, 890, 3463, 147, 18575, 1945, 5128, 1184, 258, 
    1335, 16, 2458, 2097, 1190, 199, 220, 32, 3672, 573), LE4D51.a = c(11133, 
    3583, 556, 232, 46, 47, 7, 17, 10, 12, 14, 11, 4, 6, 7, 164, 
    32, 220, 73, 2580, 18575, 573, 48027, 147, 10363, 21, 33847, 
    677, 315, 3194, 1945, 24712, 433, 5128, 22333, 3463, 890, 
    2097, 1190, 796, 513, 1136, 4536, 104761, 258, 1434, 706, 
    11, 931, 384, 1266, 3672, 54, 15452, 1763, 3919, 1184, 471, 
    1106, 16, 1652, 2458, 1335, 199, 315, 30, 2394, 370), LE4D53.a = c(14264, 
    4148, 668, 289, 50, 93, 5, 8, 3, 1, 14, 3, 2, 4, 11, 164, 
    54, 370, 73, 2097, 24712, 22333, 104761, 513, 5128, 21, 33847, 
    677, 220, 3194, 1763, 18575, 315, 4536, 15452, 2394, 890, 
    1652, 931, 706, 384, 796, 3919, 48027, 199, 1945, 1434, 7, 
    573, 433, 1184, 3463, 32, 10363, 1335, 3672, 1190, 471, 1136, 
    16, 1266, 2458, 1106, 147, 258, 30, 2580, 315), LE4D56.b = c(21404, 
    5692, 1068, 366, 74, 78, 9, 11, 9, 6, 24, 13, 2, 10, 11, 
    573, 30, 258, 73, 3463, 18575, 1106, 33847, 147, 10363, 16, 
    48027, 513, 199, 3672, 2097, 24712, 384, 5128, 22333, 2580, 
    931, 1190, 1652, 890, 471, 706, 3919, 104761, 315, 1184, 
    677, 7, 796, 315, 1136, 3194, 54, 15452, 1945, 4536, 1266, 
    433, 1335, 21, 1763, 2458, 1434, 164, 220, 32, 2394, 370), 
    WW37.b = c(9121, 2780, 437, 174, 25, 99, 5, 4, 6, 5, 9, 2, 
    2, 0, 30, 5128, 147, 1106, 21, 1652, 24712, 48027, 104761, 
    73, 4536, 16, 33847, 890, 471, 2458, 677, 18575, 220, 3919, 
    10363, 2097, 796, 3463, 931, 370, 315, 32, 3672, 22333, 513, 
    2394, 2580, 11, 315, 384, 1184, 1945, 258, 15452, 1335, 3194, 
    1190, 164, 1136, 7, 1266, 1434, 706, 199, 573, 54, 1763, 
    433), WW38.b = c(10226, 2835, 566, 206, 30, 65, 5, 4, 1, 
    1, 8, 4, 1, 6, 21, 4536, 73, 1106, 30, 1434, 24712, 48027, 
    104761, 147, 5128, 11, 33847, 890, 513, 2580, 677, 22333, 
    220, 3463, 10363, 2394, 706, 2458, 796, 471, 315, 54, 3919, 
    18575, 433, 2097, 3672, 7, 315, 384, 1266, 1945, 258, 15452, 
    1652, 3194, 1184, 164, 1335, 16, 1136, 1763, 573, 199, 1190, 
    32, 931, 370),