structure(list(x = structure(c(9909.03646087398, 3463.03646087398, 
532.036460873984, 195.036460873984, 20.0364608739843, 30.0364608739843, 
0, 0, 0, 0, 0, 0, 0, 0, 2.03646087398434, 0, 18.0364608739843, 
174.036460873984, 10.0364608739843, 1291.03646087398, 18221.036460874, 
6.03646087398434, 30520.036460874, 0, 3406.03646087398, 0, 27530.036460874, 
215.036460873984, 148.036460873984, 1309.03646087398, 909.036460873984, 
16138.036460874, 338.036460873984, 4433.03646087398, 13481.036460874, 
1672.03646087398, 528.036460873984, 1521.03646087398, 785.036460873984, 
296.036460873984, 323.036460873984, 324.036460873984, 2121.03646087398, 
26100.036460874, 124.036460873984, 596.036460873984, 242.036460873984, 
0, 551.036460873984, 202.036460873984, 794.036460873984, 2758.03646087398, 
45.0364608739843, 13815.036460874, 984.036460873984, 2800.03646087398, 
611.036460873984, 220.036460873984, 468.036460873984, 4.03646087398434, 
1415.03646087398, 1314.03646087398, 943.036460873984, 49.0364608739843, 
144.036460873984, 4.03646087398434, 1523.03646087398, 248.036460873984, 
8800.53463742484, 3410.53463742484, 514.53463742484, 207.53463742484, 
20.5346374248401, 20.5346374248401, 0, 0, 0, 0, 0.534637424840106, 
0, 0, 0, 0, 0, 24.5346374248401, 163.53463742484, 11.5346374248401, 
1341.53463742484, 18828.5346374248, 40.5346374248401, 31894.5346374248, 
1.53463742484011, 3720.53463742484, 1.53463742484011, 29160.5346374248, 
266.53463742484, 159.53463742484, 1293.53463742484, 1282.53463742484, 
14930.5346374248, 360.53463742484, 3907.53463742484, 16897.5346374248, 
1531.53463742484, 523.53463742484, 1488.53463742484, 1155.53463742484, 
307.53463742484, 336.53463742484, 525.53463742484, 2591.53463742484, 
25282.5346374248, 156.53463742484, 858.53463742484, 397.53463742484, 
5.53463742484011, 761.53463742484, 245.53463742484, 889.53463742484, 
2230.53463742484, 61.5346374248401, 14199.5346374248, 863.53463742484, 
2801.53463742484, 587.53463742484, 213.53463742484, 394.53463742484, 
0.534637424840106, 1222.53463742484, 1247.53463742484, 1034.53463742484, 
57.5346374248401, 194.53463742484, 7.53463742484011, 2344.53463742484, 
191.53463742484, 9743.53499164579, 3711.53499164579, 580.534991645786, 
228.534991645786, 14.5349916457862, 19.5349916457862, 0, 0, 0, 
0, 0, 0, 0, 0, 0, 0, 14.5349916457862, 125.534991645786, 1.53499164578622, 
701.534991645786, 18005.5349916458, 14.5349916457862, 16695.5349916458, 
0, 2917.53499164579, 0, 29901.5349916458, 165.534991645786, 127.534991645786, 
893.534991645786, 714.534991645786, 9794.53499164579, 361.534991645786, 
3625.53499164579, 9813.53499164579, 1740.53499164579, 531.534991645786, 
1165.53499164579, 813.534991645786, 217.534991645786, 376.534991645786, 
485.534991645786, 2519.53499164579, 9293.53499164579, 115.534991645786, 
446.534991645786, 47.5349916457862, 0, 753.534991645786, 156.534991645786, 
777.534991645786, 2064.53499164579, 26.5349916457862, 15597.5349916458, 
1212.53499164579, 3702.53499164579, 504.534991645786, 157.534991645786, 
732.534991645786, 0, 719.534991645786, 953.534991645786, 593.534991645786, 
48.5349916457862, 154.534991645786, 5.53499164578622, 983.534991645786, 
162.534991645786, 9014.64459956231, 3180.64459956231, 516.644599562309, 
193.644599562309, 19.6445995623088, 19.6445995623088, 0, 0, 0, 
0, 0.644599562308802, 0, 0, 0, 0, 205.644599562309, 38.6445995623088, 
183.644599562309, 37.6445995623088, 1653.64459956231, 21984.6445995623, 
6976.64459956231, 71527.6445995623, 2.6445995623088, 4199.64459956231, 
0, 35066.6445995623, 369.644599562309, 202.644599562309, 1865.64459956231, 
1365.64459956231, 17406.6445995623, 399.644599562309, 5317.64459956231, 
17559.6445995623, 2085.64459956231, 690.644599562309, 1694.64459956231, 
1270.64459956231, 359.644599562309, 410.644599562309, 702.644599562309, 
3529.64459956231, 26493.6445995623, 178.644599562309, 1423.64459956231, 
410.644599562309, 0, 789.644599562309, 260.644599562309, 882.644599562309, 
2796.64459956231, 95.6445995623088, 15363.6445995623, 1018.64459956231, 
3295.64459956231, 789.644599562309, 258.644599562309, 544.644599562309, 
3.6445995623088, 1162.64459956231, 1673.64459956231, 1041.64459956231, 
91.6445995623088, 1465.64459956231, 3.6445995623088, 2812.64459956231, 
235.644599562309, 10220.0401192775, 3609.04011927748, 573.040119277483, 
200.040119277483, 29.0401192774827, 18.0401192774827, 0, 0, 0, 
0, 0, 0, 0, 0, 0, 42.0401192774827, 32.0401192774827, 243.040119277483, 
17.0401192774827, 1324.04011927748, 21452.0401192775, 5460.04011927748, 
53386.0401192775, 0, 3665.04011927748, 0.0401192774827237, 35477.0401192775, 
403.040119277483, 204.040119277483, 1766.04011927748, 1442.04011927748, 
15939.0401192775, 483.040119277483, 3629.04011927748, 15442.0401192775, 
2236.04011927748, 802.040119277483, 1228.04011927748, 1066.04011927748, 
308.040119277483, 431.040119277483, 619.040119277483, 3767.04011927748, 
19235.0401192775, 166.040119277483, 1293.04011927748, 99.0401192774827, 
0.0401192774827237, 787.040119277483, 312.040119277483, 909.040119277483, 
2645.04011927748, 71.0401192774827, 16951.0401192775, 1328.04011927748, 
3854.04011927748, 641.040119277483, 265.040119277483, 1063.04011927748, 
0, 853.040119277483, 1552.04011927748, 788.040119277483, 81.0401192774827, 
1038.04011927748, 10.0401192774827, 1765.04011927748, 224.040119277483, 
12079.6754446797, 3892.67544467966, 641.675444679663, 259.675444679663, 
27.6754446796632, 21.6754446796632, 0, 0, 0, 0, 0.67544467966324, 
0, 0, 0, 0, 64.6754446796632, 33.6754446796632, 213.675444679663, 
26.6754446796632, 2188.67544467966, 20143.6754446797, 6569.67544467966, 
64681.6754446797, 0, 4525.67544467966, 0, 37190.6754446797, 409.675444679663, 
226.675444679663, 1992.67544467966, 1475.67544467966, 19312.6754446797, 
410.675444679663, 4718.67544467966, 17834.6754446797, 2156.67544467966, 
697.675444679663, 1870.67544467966, 1023.67544467966, 408.675444679663, 
420.675444679663, 556.675444679663, 3908.67544467966, 33736.6754446797, 
248.675444679663, 1363.67544467966, 401.675444679663, 0, 1016.67544467966, 
335.675444679663, 1046.67544467966, 3135.67544467966, 70.6754446796632, 
16217.6754446797, 1369.67544467966, 3231.67544467966, 854.675444679663, 
355.675444679663, 875.675444679663, 4.67544467966324, 1324.67544467966, 
1858.67544467966, 1018.67544467966, 71.6754446796632, 1282.67544467966, 
12.6754446796632, 2308.67544467966, 209.675444679663, 18965.5839210152, 
5050.58392101518, 991.583921015175, 328.583921015175, 32.5839210151754, 
107.583921015175, 0, 0, 0, 0, 0, 0, 0, 0, 27.5839210151754, 5775.58392101518, 
111.583921015175, 1148.58392101518, 44.5839210151754, 2953.58392101518, 
30409.5839210152, 109156.583921015, 315635.583921015, 60.5839210151754, 
6074.58392101518, 3.58392101517538, 46204.5839210152, 997.583921015175, 
591.583921015175, 2872.58392101518, 1684.58392101518, 25742.5839210152, 
635.583921015175, 6104.58392101518, 16079.5839210152, 2671.58392101518, 
898.583921015175, 2666.58392101518, 810.583921015175, 735.583921015175, 
577.583921015175, 423.583921015175, 7161.58392101518, 40144.5839210152, 
557.583921015175, 3334.58392101518, 4170.58392101518, 1.58392101517538, 
547.583921015175, 723.583921015175, 1229.58392101518, 3382.58392101518, 
196.583921015175, 19605.5839210152, 1960.58392101518, 4949.58392101518, 
1606.58392101518, 385.583921015175, 1434.58392101518, 17.5839210151754, 
1147.58392101518, 2332.58392101518, 1213.58392101518, 322.583921015175, 
965.583921015175, 56.5839210151754, 3644.58392101518, 714.583921015175, 
23632.712381444, 5925.712381444, 1066.712381444, 334.712381443997, 
39.7123814439969, 117.712381443997, 0, 0, 0, 0, 2.71238144399695, 
0, 0, 0, 23.712381443997, 11313.712381444, 96.7123814439969, 
1161.712381444, 30.712381443997, 2593.712381444, 26415.712381444, 
106356.712381444, 262326.712381444, 39.7123814439969, 5590.712381444, 
7.71238144399695, 41000.712381444, 983.712381443997, 539.712381443997, 
