structure(list(mean.concentration = c(104.434, 35.046, 103.087, 
89.914, 103.667, 52.573, -506.289, -990.076, -4231.572, 102.925, 
-35.638, 104.466, -914.406, 86.898, 95.945, 46.191, 71.55, -438.812, 
93.489, -21.925, -312.131, 44.33, 83.467, 47.846, 78.787, 91.634, 
93.326, 91.268, -8.875, -1017.951, 96.208, 46.586, 49.378, 104.612, 
87.063, 94.36, 76.016, 27.388, 100.775, -326.101, 64.068, 5.912, 
76.129, 97.223, 73.866, 104.447, 71.709, 55.478, 79.075, 100.155, 
79.088, 103.902, 42.51, 94.835), HW1D.a = c(104.261, 104.454, 
103.746, 98.726, 104.003, 62.78, -482.04, 104.132, -877.831, 
104.422, -5.283, 104.357, -781.611, 97.406, 99.562, 62.2, 75.073, 
-415.008, 93.448, -38.332, -329.503, 50.519, 87.334, 55.378, 
79.063, 94.8, 93.931, 93.898, 36.07, -735.592, 100.335, 85.145, 
96.537, 104.422, 86.593, 97.825, 78.774, 15.571, 102.877, -340.252, 
72.659, 14.219, 84.663, 97.245, 89.264, 104.196, 58.789, 62.04, 
73.979, 102.748, 99.691, 104.196, 55.314, 96.344), HW2B.b = c(104.455, 
104.28, 103.369, 98.497, 103.824, 57.208, -555.713, 102.808, 
-1013.677, 104.175, -26.176, 104.175, -917.85, 94.887, 98.637, 
58.89, 59.276, -419.088, 91.592, -32.731, -488.031, 50.548, 85.879, 
52.055, 63.727, 93.45, 92.433, 85.809, 13.395, -781.926, 98.742, 
74.137, 90.295, 104.035, 77.537, 95.623, 73.05, 26.048, 102.072, 
-393.466, 73.962, 6.035, 83.636, 96.744, 90.4, 104.21, 61.379, 
60.502, 67.968, 102.212, 97.41, 103.965, 22.053, 97.515), HW3B.a = c(104.406, 
104.247, 103.644, 100.119, 104.056, 81.83, -467.618, 103.644, 
-426.022, 104.342, 11.466, 104.374, -845.348, 98.849, 100.056, 
75.733, 81.417, -206.897, 92.626, -11.015, -207.501, 48.839, 
87.228, 67.096, 78.273, 97.198, 92.149, 88.688, 24.103, -190.989, 
100.437, 89.927, 102.596, 104.183, 80.178, 99.135, 79.416, 38.551, 
103.263, -391.158, 65.604, -13.46, 88.085, 99.103, 80.845, 104.152, 
81.258, 73.828, 85.259, 102.564, 99.198, 103.929, 72.875, 98.944
), HW4C.b = c(104.279, 96.944, 102.805, 97.716, 102.84, 46.121, 
-667.466, -140.708, -2406.351, 104.069, -43.239, 104.174, -1126.625, 
91.188, 97.049, 38.68, 56.23, -506.785, 90.135, -82.48, -512.155, 
30.959, 79.921, 44.682, 59.564, 91.539, 89.749, 79.5, -19.723, 
-825.725, 97.892, 54.194, 89.749, 104.35, 76.446, 95.013, 73.182, 
6.004, 100.805, -435.079, 68.409, -11.51, 76.446, 95.084, 85.046, 
104.034, 63.355, 45.419, 67.602, 100.945, 52.72, 104.034, 5.442, 
95.891), HW5D.b = c(104.194, 102.769, 103.079, 96.542, 103.543, 
63.055, -560.467, -65.069, -1549.713, 104.318, -9.464, 104.07, 
-994.931, 91.586, 97.75, 49.363, 59.4, -389.686, 89.108, -8.349, 
-374.29, 34.803, 79.226, 66.029, 71.048, 94.529, 90.718, 84.895, 
-12.624, -491.789, 98.928, 64.016, 101.003, 104.07, 79.69, 94.405, 
75.911, 22.134, 101.87, -421.035, 62.931, -15.319, 84.213, 95.861, 
71.14, 104.132, 77.646, 55.992, 79.659, 101.561, 71.915, 103.76, 
49.394, 97.131), HW6A.b = c(104.214, 102.337, 103.169, 98.342, 
103.356, 45.381, -436.096, -72.099, -1630.417, 104.107, -17.288, 
104.08, -893.225, 93.086, 97.993, 50.636, 64.5, -413.813, 93.059, 
-22.463, -374.179, 46.239, 85.363, 53.908, 76.621, 93.113, 92.791, 
89.144, -0.743, -800.603, 97.403, 67.504, 93.3, 104.188, 76.809, 
95.07, 76.004, 19.986, 102.176, -330.818, 67.343, 17.412, 81.153, 
94.534, 80.59, 103.946, 68.549, 54.23, 76.755, 102.15, 69.676, 
103.732, 42.163, 98.449), WW41B.a = c(104.498, 0.86, 102.983, 
84.286, 104.191, 51.741, -443.294, -1863.115, -5585.964, 103.903, 
-4.531, 104.93, -728.081, 87.008, 94.329, 53.202, 74.622, -359.148, 
93.535, -5.072, -184.922, 56.826, 88.793, 56.916, 90.38, 91.732, 
94.581, 97.358, -24.129, -618.818, 94.942, 44.872, 29.799, 104.966, 
95.122, 91.949, 82.825, 44.007, 101.451, -248.497, 69.645, 15.753, 
76.028, 98.043, 79.129, 104.678, 84.304, 62.938, 83.114, 99.179, 
87.585, 103.975, 39.283, 92.111), WW42.a = c(104.41, -61.737, 
103.336, 87.663, 104.307, 66.59, -283.982, -1460.419, -3755.723, 
104.175, 22.485, 104.646, -498.62, 90.283, 96.817, 68.694, 85.059, 
-241.305, 96.905, 26.855, -119.748, 69.238, 92.549, 66.442, 92.902, 
96.39, 97.582, 100.231, 11.197, -554.939, 97.612, 40.321, 6.827, 
104.926, 98.951, 97.185, 87.207, 61.601, 101.894, -145.355, 75.375, 
39.188, 82.233, 99.525, 85.986, 104.734, 85.765, 70.887, 90.562, 
99.127, 83.631, 104.352, 51.417, 97.523), WW45A.b = c(104.624, 
32.32, 103.531, 91.031, 104.142, 72.135, -391.73, -1015.339, 
-3261.401, 104.238, 15.675, 104.752, -791.487, 69.436, 96.59, 
66.48, 82.194, -361.267, 91.352, -12.315, -253.037, 61.145, 87.785, 
47.938, 69.115, 98.454, 92.155, 99.996, -11.062, -304.677, 98.261, 
12.815, 44.242, 104.72, 81.872, 92.895, 78.434, 32.32, 99.289, 
-363.548, 71.107, 7.834, 82.644, 98.84, 79.237, 104.72, 89.135, 
68.183, 86.178, 96.783, 69.018, 104.367, 63.073, 94.823), WW46D.a = c(104.639, 
77.536, 103.355, 92.162, 104.164, 76.559, -364.85, -637.108, 
-2166.601, 104.359, 22.52, 105.001, -709.066, 79.601, 99.419, 
78.931, 79.545, -260.624, 93.753, 21.599, -200.529, 54.508, 86.384, 
63.803, 81.527, 97.353, 94.618, 88.701, 11.55, -165.415, 99.893, 
19.757, 69.385, 104.75, 84.793, 95.009, 83.313, 48.2, 100.508, 
-278.628, 69.832, 16.686, 87.5, 99.754, 69.86, 105.001, 90.292, 
73.349, 91.157, 97.995, 43.789, 104.304, 65.673, 97.549), WW47A.b = c(104.335, 
48.404, 103.742, 88.814, 103.199, 60.737, -356.984, -1040.227, 
-3407.107, 103.643, 9.007, 104.706, -802.016, 68.448, 96.599, 
69.338, 85.255, -463.583, 92.966, -15.536, -239.906, 56.98, 83.994, 
41.286, 76.975, 96.105, 92.744, 101.048, 9.007, -505.724, 96.871, 
9.551, 60.737, 104.706, 85.675, 94.597, 79.348, 20.351, 98.849, 
-312.298, 68.992, 27.791, 77.717, 97.687, 66.644, 104.706, 77.964, 
56.09, 79.941, 100.035, 66.026, 103.989, 50.208, 94.153), WW48B.a = c(104.283, 
33.554, 103.431, 91.548, 103.313, 79.973, -287.377, -627.434, 
-2096.761, 103.904, 38.928, 104.354, -552.444, 82.222, 98.626, 
87.287, 81.63, -267.872, 94.91, 20.251, -161.613, 57.06, 86.885, 
56.657, 85.559, 99.596, 95.217, 99.644, 28.512, -267.138, 99.005, 
13.434, 74.955, 104.212, 87.524, 97.703, 86.696, 36.655, 100.591, 
-244.579, 72.398, 34.004, 87.003, 100.969, 76.091, 104.094, 89.465, 
74.15, 85.867, 98.957, 57.225, 103.739, 62.196, 98.389), LE100C.a = c(103.982, 
102.665, 103.092, 98.507, 103.092, 63.206, -463.616, 92.401, 
-1085.688, 102.943, -30.02, 104.02, -969.411, 96.224, 98.804, 
40.656, 80.04, -368.738, 89.32, 7.619, -269.35, 36.554, 79.855, 
59.958, 81.711, 89.933, 90.953, 74.676, 23.395, -1063.936, 97.691, 
67.605, 87.019, 104.057, 89.376, 97.969, 80.745, 10.515, 101.57, 
-416.196, 58.177, -6.282, 80.152, 98.563, 59.179, 103.89, 75.957, 
58.733, 78.147, 100.66, 98.507, 103.463, 59.81, 94.48), LE101A.a = c(104.407, 
98.829, 103.497, 96.767, 103.012, 46.93, -501.589, 78.821, -1411.037, 
102.709, -44.864, 103.8, -1160.454, 92.826, 96.889, 21.586, 76.396, 
-392.576, 89.977, -16.004, -345.467, 25.77, 76.578, 56.873, 78.578, 
85.066, 90.583, 76.881, 10.794, -1772.33, 97.071, 72.637, 75.911, 
104.285, 83.853, 96.828, 78.033, 12.613, 101.254, -410.159, 56.145, 
1.821, 71.727, 96.222, 56.873, 104.104, 61.663, 47.778, 69.181, 
100.648, 97.859, 103.255, 32.742, 94.948), LE102.a = c(104.505, 
102.558, 103.789, 97.769, 103.812, 67.061, -238.27, 94.568, -739.554, 
104.103, -1.315, 104.103, -652.869, 99.313, 99.917, 63.86, 84.81, 
-225.468, 96.605, 39.8, -163.404, 61.242, 90.718, 76.707, 89.219, 
93.583, 97.612, 97.343, 41.859, -732.973, 99.85, 78.296, 75.432, 
104.528, 89.577, 100.141, 90.785, 52.625, 103.431, -165.866, 
72.41, 36.487, 86.399, 100.589, 80.893, 104.394, 66.837, 70.866, 
85.973, 102.514, 100.88, 104.035, 49.223, 97.209),