structure(list(x = structure(c(23082.2910373763, 8078.91824046921, 
1256.8757850341, 472.49219326282, 65.1713370017683, 88.4468145023999, 
4.65509550012631, 2.32754775006315, 11.6377387503158, 11.6377387503158, 
16.2928342504421, 2.32754775006315, 0, 0, 23.2754775006315, 9.31019100025262, 
60.516241501642, 423.613690511494, 41.8958595011368, 3023.48452733204, 
42428.8679359012, 32.5856685008842, 71055.377713928, 11.6377387503158, 
7946.24801871561, 16.2928342504421, 64096.0099412391, 519.043148264083, 
363.097449009852, 3065.38038683317, 2134.36128680791, 37580.5859725197, 
805.331521521851, 10336.6395580305, 31396.2916006019, 3910.2802201061, 
1247.56559403385, 3558.82050984656, 1845.74536580008, 707.574516019199, 
770.418305270904, 772.745853020967, 4955.34915988446, 60767.6166586488, 
307.236303008336, 1405.83884103815, 581.886937515789, 11.6377387503158, 
1301.0991922853, 488.785027513262, 1866.69329555065, 6437.99707667468, 
123.360030753347, 32173.692549123, 2308.92736806265, 6535.75408217734, 
1440.75205728909, 530.680887014399, 1107.91272903006, 27.9305730007579, 
3312.10044833987, 3077.01812558349, 2213.49791031006, 132.6702217536, 
353.787258009599, 27.9305730007579, 3563.47560534669, 595.852224016167, 
19710.9528010011, 7648.95965869911, 1168.15592213017, 481.137017735608, 
62.659704635335, 62.659704635335, 2.23784659411911, 4.47569318823821, 
8.95138637647643, 4.47569318823821, 17.9027727529529, 4.47569318823821, 
2.23784659411911, 6.71353978235732, 2.23784659411911, 13.4270795647146, 
71.6110910118114, 382.671767594367, 42.519085288263, 3018.85505546667, 
42152.0784468275, 107.416636517717, 71391.7820455877, 20.140619347072, 
8342.69210287603, 20.140619347072, 65273.5094572661, 613.169966788635, 
373.720381217891, 2911.43841894896, 2886.82210641365, 33428.9524229512, 
823.527546635831, 8761.1694159763, 37830.7966735835, 3444.04590834931, 
1188.29654147725, 3347.81850480218, 2602.61558896052, 704.921677147519, 
769.819228376973, 1192.77223466548, 5816.16329811556, 56595.1403652722, 
367.006841435533, 1937.97515050715, 906.327870618238, 29.0920057235484, 
1720.90403087759, 566.175188312134, 2007.34839492484, 5008.30067763856, 
154.411414994218, 31793.0865626501, 1949.16438347774, 6286.11108288057, 
1331.51872350087, 494.564097300323, 899.614330835881, 17.9027727529529, 
2752.5513107665, 2808.49747561948, 2331.83615107211, 145.460028617742, 
452.04501201206, 33.5676989117866, 5263.41518936814, 445.331472229702, 
29223.0077186038, 11151.1210507118, 1770.6374371227, 716.044581171447, 
74.9000607919924, 89.8800729503909, 8.98800729503909, 11.9840097267188, 
8.98800729503909, 20.9720170217579, 29.960024316797, 5.99200486335939, 
0, 0, 2.9960024316797, 17.9760145900782, 74.9000607919924, 407.456330708439, 
35.9520291801564, 2133.15373135594, 53975.9798091414, 74.9000607919924, 
50051.216623641, 8.98800729503909, 8772.29511995815, 5.99200486335939, 
89616.4247364031, 527.296427975627, 413.448335571798, 2708.38619823845, 
2172.10176296778, 29375.8038426194, 1114.51290458485, 10893.4648415874, 
29432.7278888213, 5246.00025787115, 1623.8333179704, 3523.29885965532, 
2468.70600370407, 683.088554422971, 1159.45294106004, 1486.01720611313, 
7579.88615214963, 27874.8066243479, 377.496306391642, 1369.17311127762, 
173.768141037422, 23.9680194534376, 2288.94585780329, 500.332406090509, 
2360.8499161636, 6216.70504573537, 110.852089972149, 46761.6059536567, 
3664.11097394427, 11124.1570288267, 1542.94125231504, 503.328408522189, 
2226.02980673801, 26.9640218851173, 2187.08177512618, 2888.14634413923, 
1809.58546873454, 176.764143469102, 494.34040122715, 47.9360389068751, 
2978.02641708962, 518.308420680588, 14669.4488709578, 5186.72701908327, 
856.598288642081, 331.586434313064, 48.7627109283917, 48.7627109283917, 
4.87627109283917, 8.12711848806529, 8.12711848806529, 3.25084739522612, 
17.8796606737436, 3.25084739522612, 8.12711848806529, 4.87627109283917, 
11.3779658832914, 351.09151868442, 79.6457611830398, 315.332197336933, 
78.0203374854268, 2704.70503282813, 35751.1942289992, 11356.8353752224, 
116279.560479843, 21.1305080689697, 6843.03376695097, 16.2542369761306, 
57014.9870411732, 617.661005092962, 346.215247591581, 3049.2948567221, 
2236.58300791557, 28310.0045413266, 666.423716021354, 8660.25746088237, 
28558.6943670614, 3406.88807019697, 1139.42201202675, 2771.34740443026, 
2082.16775664233, 601.406768116831, 684.303376695097, 1158.92709639811, 
5753.99988955022, 43080.2296815365, 307.205078848868, 2330.85758237712, 
684.303376695097, 8.12711848806529, 1300.33895809045, 440.489822053139, 
1451.50336196846, 4562.56431919985, 172.294911946984, 24989.2639271031, 
1672.56098484384, 5373.65074430877, 1300.33895809045, 437.238974657912, 
902.110152175247, 22.7559317665828, 1906.62199730012, 2737.21350678039, 
1709.94572988894, 165.793217156532, 2399.12537767687, 22.7559317665828, 
4588.57109836166, 399.854229612812, 19073.6641917306, 6747.56507427888, 
1086.99376576529, 391.541493671888, 72.7148488247793, 52.2055324895851, 
13.0513831223963, 1.86448330319947, 5.59344990959841, 14.9158664255957, 
14.9158664255957, 7.45793321279787, 7.45793321279787, 5.59344990959841, 
11.1868998191968, 96.9531317663724, 78.3082987343777, 471.714275709466, 
50.3410491863857, 2487.22072646809, 40015.540653267, 10198.7236685011, 
99555.9504576388, 3.72896660639894, 6851.97613925805, 18.6448330319947, 
66164.9189806395, 770.03160422138, 398.999426884686, 3311.32234648226, 
2707.22975624563, 29736.6442027283, 919.190268477338, 6784.85474034287, 
28809.9960010382, 4187.62949898601, 1513.96044219797, 2308.23032936094, 
2006.18403424263, 592.905690417431, 822.237136710966, 1172.75999771247, 
7042.15343618439, 35881.9811700738, 328.149061363106, 2429.42174406891, 
203.228680048742, 18.6448330319947, 1485.99319264998, 600.363623630229, 
1713.46015564031, 4950.20316999459, 151.023147559157, 31623.5013055662, 
2494.67865968089, 7204.36348356275, 1213.77863038285, 512.732908379854, 
2000.59058433303, 14.9158664255957, 1609.04909066114, 2912.32291959757, 
1487.85767595318, 169.667980591152, 1953.97850175304, 37.2896660639894, 
3309.45786317906, 436.289092948676, 19266.3441275666, 6219.73044912262, 
1039.01210679681, 430.265749747145, 60.5559203347834, 50.9944592292913, 
4.78073055274606, 3.18715370183071, 6.37430740366141, 9.56146110549212, 
17.5293453600689, 3.18715370183071, 3.18715370183071, 3.18715370183071, 
7.96788425457676, 119.518263818651, 70.1173814402755, 356.961214605039, 
58.9623434838681, 3504.27549516286, 32116.947853348, 10485.735679023, 
103091.673639416, 14.3421916582382, 7228.46459575204, 15.9357685091535, 
59282.652430902, 669.302277384448, 377.677713666939, 3191.93443238345, 
2368.05520046021, 30792.6854902374, 670.895854235363, 7536.0249279787, 
28437.3789045845, 3453.28103593357, 1128.25241044807, 2997.51805657178, 
1647.75846384647, 667.708700533533, 686.831622744517, 903.558074469005, 
6245.22767873727, 53778.4379878404, 412.736404387076, 2189.57459315769, 
656.553662577125, 9.56146110549212, 1636.60342589007, 551.377590416712, 
1684.41073141753, 5013.3927729797, 129.079724924144, 25860.5651366543, 
2199.13605426319, 5166.37615066757, 1378.44397604178, 583.249127435019, 
1411.909089911, 23.9036527637303, 2127.425095972, 2978.39513436079, 
1639.7905795919, 130.673301775059, 2060.49486823355, 36.6522675710531, 
3695.5047172727, 350.586907201378, 11766.4425274417, 3139.53659091441, 
623.071539073654, 212.030314789243, 28.5186973108339, 75.0165733611066, 
5.57974512603272, 5.57974512603272, 3.09985840335151, 3.71983008402181, 
8.05963184871393, 3.71983008402181, 2.47988672268121, 1.85991504201091, 
25.4188389074824, 3589.01605940038, 77.4964600837878, 720.407092938891, 
35.9583574788775, 1839.45597654879, 18861.3984410326, 67682.3083787769, 
195693.4410319, 45.8779043696024, 3774.3875919208, 10.5395185713951, 
28653.85113722, 626.791369157675, 375.082866805533, 1789.23827041449, 
1052.71191377817, 15967.9906073443, 402.361620755026, 3792.98674234091, 
