structure(list(Sample.Mean = c(3372.11111111111, 3507.27777777778, 
2619.74074074074, 4828.74074074074, 4209.61111111111, 4925.24074074074, 
12659.8518518519, 11507.6851851852, 5177.24074074074, 4527.05555555556, 
7040.22222222222, 5057.03703703704, 6663.57407407407, 2523.11111111111, 
3809.7037037037, 11549.3888888889, 11567.6481481481, 7805.62962962963, 
17307.8703703704, 12884.8703703704, 12398.537037037, 14993.5740740741, 
9729.2037037037, 10233.7037037037, 5320.11111111111), Sample.SD = c(7263.81181356546, 
7503.44067346784, 5682.65610294575, 11728.2105942397, 9605.2357350123, 
11430.4290976343, 45386.9641934181, 38573.1744907682, 15391.8500671011, 
12297.1397524463, 20887.1297211326, 13876.9433722666, 15074.9904491373, 
6140.21891831064, 8703.69036376455, 32030.9243314201, 40238.3524715983, 
21237.2274274123, 76533.8496841329, 53449.0619516487, 53235.4175443496, 
62330.7194584772, 35543.7606940863, 37821.3565318664, 11596.3874135019
), Sample.Missing = c(0, 0, 0, 0, 0, 0, 0, 0, 0, 0, 0, 0, 0, 
0, 0, 0, 0, 0, 0, 0, 0, 0, 0, 0, 0)), .Names = c("Sample.Mean", 
"Sample.SD", "Sample.Missing"), row.names = c("HW1D.a", "HW2B.b", 
"HW3B.a", "HW4C.b", "HW5D.b", "HW6A.b", "WW41B.a", "WW42.a", 
"WW45A.b", "WW46D.a", "WW47A.b", "WW48B.a", "LE100C.a", "LE101A.a", 
"LE102.a", "LE4D51.a", "LE4D53.a", "LE4D56.b", "WW37.b", "WW38.b", 
"WW39.a", "WW40.b", "WW43.b", "WW44.a", "HW4D12.B"), class = "data.frame")
