structure(list(HW1D.a = c(9917, 3471, 540, 203, 28, 38, 2, 1, 
5, 5, 7, 1, 0, 0, -0.462857683734625, -0.463683696323331, -0.460654983498074, 
-0.439178656191705, -0.461756333616349, -0.285402645927513, 2.04532954187264, 
-0.462307008675487, 3.73851767995616, -0.463546027558547, 0.00576679159152492, 
-0.463270690028978, 3.32688807325076, -0.433534236835544, -0.4427580440761, 
-0.282924608161394, -0.33799211407516, 1.7585655048267, -0.416600978767061, 
0.147152613025119, 1.39277959679451, -0.232950846544651, -0.390443913458022, 
-0.253738830027098, -0.355063040908428, -0.422383066888007, -0.418666010238827, 
-0.418528341474043, -0.171137571156449, 3.13002173960905, -0.446062094430926, 
-0.381082437452682, -0.429817180186365, -0.463546027558547, -0.387277531867981, 
-0.435323930777742, -0.353824022025368, -0.0834425679887762, 
-0.456937926848895, 1.4387609642325, -0.327666956716329, -0.0776604798678307, 
-0.379017405980916, -0.432845893011622, -0.398704039345087, -0.462582346205056, 
-0.268331719094246, -0.282236264337472, -0.33331137607249, -0.456387251789757, 
-0.443308719135238, -0.462582346205056, -0.253463492497529, -0.428991167597659
), HW2B.b = c(8808, 3418, 522, 215, 28, 28, 1, 2, 4, 2, 8, 2, 
1, 3, -0.467289331702984, -0.466622970733718, -0.463157893693536, 
-0.444633058747949, -0.464890432213627, -0.287638414388941, 2.04289243952105, 
-0.461025538591886, 3.78422692440628, -0.466223154152159, 0.0294161347876975, 
-0.466223154152159, 3.41986074641178, -0.430906022781075, -0.445166147523362, 
-0.294035479693892, -0.295501473826277, 1.52339742788148, -0.418378436558879, 
0.0543380350382362, 1.78554383319063, -0.262316697556843, -0.396655068960816, 
-0.268047401892528, -0.312427042445626, -0.425441862833096, -0.421576969211354, 
-0.39638852457311, -0.121048172072506, 2.90303117864927, -0.445565964104921, 
-0.352008884020011, -0.413447365386312, -0.465690065376746, -0.364936286823767, 
-0.433704738851991, -0.347877446010564, -0.169159434053493, -0.45822682252097, 
1.42597545417483, -0.351342523050746, -0.0930610113633452, -0.388125648554214, 
-0.437969449055292, -0.413847181967872, -0.466356426346012, -0.303497805457466, 
-0.300166000611137, -0.328552977901857, -0.458759911296383, -0.440501620738501, 
-0.46542352098904, -0.153966403954234, -0.440901437320061), HW3B.a = c(9754, 
3722, 591, 239, 25, 30, 3, 4, 3, 7, 10, 2, 0, 0, -0.460830409811927, 
-0.459950539570016, -0.456607032650751, -0.437073913280311, -0.458894695279721, 
-0.335712861412081, 2.70934207179601, -0.456607032650751, 2.47881606841513, 
-0.460478461715163, 0.0542456298031945, -0.460654435763545, 4.80272935135237, 
-0.430034951345017, -0.436721965183546, -0.30192584412267, -0.33342519878311, 
1.26441916052858, -0.395544037862078, 0.178835256057894, 1.26776266744784, 
-0.152875825142825, -0.365628449637079, -0.254060902962673, -0.316003767993258, 
-0.420884300829135, -0.392904427136342, -0.373723255862667, -0.0157920414529786, 
1.17625616228902, -0.438833653764134, -0.380586243749578, -0.450799889054134, 
-0.459598591473251, -0.326562210896199, -0.431618717780458, -0.322338833735022, 
-0.0958602334669452, -0.454495344070163, 2.28559656329132, -0.245790122688703, 
0.192385257783335, -0.370379748943402, -0.431442743732076, -0.330257665912228, 
-0.459422617424869, -0.332545328541198, -0.29136740121973, -0.354718058637374, 
-0.450623915005751, -0.431970665877223, -0.458190799086192, -0.286088179768259, 
-0.430562873490164), HW4C.b = c(9025, 3191, 527, 204, 30, 30, 
3, 5, 5, 2, 11, 2, 5, 3, -0.411123308368023, -0.393303028085654, 
-0.407542199411758, -0.395178847062746, -0.407627463910717, -0.269840033593453, 
1.46367249473593, 0.184022894363722, 5.68793156664694, -0.410611721374271, 
-0.0527566192445958, -0.410867514871147, 2.57910267011368, -0.379319650256427, 
-0.393558821582531, -0.251763959814208, -0.294396209293559, 1.07333161850299, 
-0.376761715287666, 0.0425690905912338, 1.08637708684367, -0.233005770043293, 
-0.351949746090684, -0.266344189136146, -0.302496336694636, -0.380172295246014, 
-0.37582380579912, -0.350926572103179, -0.109883833546927, 1.84813012054072, 
-0.395605169557539, -0.289450868353955, -0.37582380579912, -0.411293837365941, 
-0.343508560693772, -0.388613480642926, -0.335578962290613, -0.172382711283656, 
-0.402682122971112, 0.899136247130361, -0.323982990432229, -0.129835726303263, 
-0.343508560693772, -0.388784009640843, -0.364398362938654, -0.410526456875312, 
-0.311704902582176, -0.268134743614279, -0.322021906956179, -0.403023180966947, 
-0.285869759397689, -0.410526456875312, -0.171018479300316, -0.390745093116893
), HW5D.b = c(10230, 3619, 583, 210, 39, 28, 7, 1, 3, 8, 8, 4, 
4, 3, -0.437637474714797, -0.432848419946227, -0.43388951880896, 
-0.411922332805302, -0.435451167103059, -0.299379545743906, 1.79614424516431, 
0.131218943882305, 5.12078935341465, -0.43805391425989, -0.0556583019781999, 
-0.437221035169704, 3.2562854001468, -0.39526475100158, -0.415982618369959, 
-0.253362976011124, -0.287094579163661, 1.22218644213981, -0.386935960099719, 
-0.0594062578840373, 1.170443828662, -0.204431329462691, -0.353724906378548, 
-0.309374094826139, -0.326239896402407, -0.40515519019754, -0.392349674185928, 
-0.372777015566555, -0.0450390935783272, 1.56533262729649, -0.419938794048343, 
-0.302606952218377, -0.426914156428651, -0.437221035169704, -0.355286554672647, 
-0.404738750652447, -0.342585148547309, -0.161850385976927, -0.429829233244303, 
1.32754564704836, -0.298963106198813, -0.0359815334725534, -0.370486598068543, 
-0.40963191530729, -0.326552226061227, -0.437429254942251, -0.348415302178612, 
-0.275642491673602, -0.355182444786374, -0.42878813438157, -0.329154973218059, 
-0.436179936306972, -0.253467085897397, -0.413900420644494), 
    HW6A.b = c(12090, 3903, 652, 270, 38, 32, 3, 2, 4, 6, 11, 
    2, 2, 2, -0.430451096692342, -0.424327092125052, -0.427039151290566, 
    -0.411291710974677, -0.427651551747295, -0.238507296397559, 
    1.3322998751124, 0.14476790373528, 5.2287415239406, -0.430101153574211, 
    -0.0340530296295964, -0.430013667794679, 2.82366995880664, 
    -0.394144498186264, -0.410154395840752, -0.255654509185971, 
    -0.300884657204387, 1.25959919232071, -0.394057012406731, 
    -0.0171682741797818, 1.13029521017135, -0.241306841342606, 
    -0.368948593680841, -0.266327774288963, -0.340428229553175, 
    -0.394231983965797, -0.393182154611404, -0.381284088594955, 
    -0.0880317556012834, 2.52149407630063, -0.408229708691032, 
    -0.310683064512051, -0.394844384422526, -0.43036361091281, 
    -0.341040630009904, -0.400618445871685, -0.338416056623923, 
    -0.155658263180075, -0.423802177447856, 0.988830704666944, 
    -0.310158149834855, -0.147259628344934, -0.355213326294205, 
    -0.398868730281031, -0.353376124924018, -0.429576238897015, 
    -0.314095009913827, -0.267377603643356, -0.340865658450839, 
    -0.423714691668323, -0.317769412654201, -0.428876352660753, 
    -0.228009002853632, -0.411641654092808),